https://github.com/masonyatez/BIS15L_W26_MYATES

brown_green_palette <- c(
  "" = "#2F5D50",
  "" = "#3E6B5C",
  "" = "#4A7A67",
  "" = "#5A8F76",
  "" = "#6B9B7C",
  "" = "#7AA58B",
  "" = "#8AA892",
  "" = "#9CB49B",
  "" = "#AFC6A3",
  "" = "#C0D3B2",
  "" = "#7A5C47",
  "" = "#8B6452",
  "" = "#9C735D",
  "" = "#AD8268",
  "" = "#BD9174",
  "" = "#CEA181",
  "" = "#DDB18F",
  "" = "#EEC1A0",
  "" = "#F0D0B2",
  "" = "#C8B7A6"
)